{
  "nbformat": 4,
  "nbformat_minor": 0,
  "metadata": {
    "colab": {
      "name": "Predicting conversion rate on an E-commerce website.ipynb",
      "provenance": []
    },
    "kernelspec": {
      "name": "python3",
      "display_name": "Python 3"
    },
    "language_info": {
      "name": "python"
    }
  },
  "cells": [
    {
      "cell_type": "markdown",
      "metadata": {
        "id": "u0ysivZ9dR3G"
      },
      "source": [
        "# Predicting conversion rate on an E-commerce website"
      ]
    },
    {
      "cell_type": "markdown",
      "metadata": {
        "id": "IddNOEJ2g6Gi"
      },
      "source": [
        "Decision Tree are great way to predict the data. It has many benefits in classification \n",
        "and regression analysis. But it also has some lows as overfitting, unbalancing etc. To \n",
        "overcomes this lows following ensembles techniques are used :\n",
        "\n",
        "1. Random forest \n",
        "2. Adaptive booster \n",
        "3. Gradient boosting \n",
        "4. XGBoost \n",
        "5. Bagging."
      ]
    },
    {
      "cell_type": "code",
      "metadata": {
        "id": "ndWFZ-qNdq9V"
      },
      "source": [
        "import numpy as np\n",
        "import pandas as pd\n",
        "import matplotlib.pyplot as plt\n",
        "import seaborn as sns\n",
        "from sklearn.model_selection import train_test_split\n",
        "from sklearn.preprocessing import StandardScaler\n",
        "from sklearn import tree\n",
        "from sklearn.model_selection import GridSearchCV\n",
        "from sklearn import metrics\n",
        "from imblearn.over_sampling import SMOTE \n",
        "from sklearn.ensemble import RandomForestClassifier, AdaBoostClassifier, GradientBoostingClassifier\n",
        "import plotly .offline as offline\n",
        "import plotly.figure_factory as ff\n"
      ],
      "execution_count": 10,
      "outputs": []
    },
    {
      "cell_type": "markdown",
      "metadata": {
        "id": "pipQv6jyhTJq"
      },
      "source": [
        "## Data Processing \n",
        "\n",
        "We used some of the techniques on our E-shop data to find out perfect fitting model. After \n",
        "converting categorical data into number, we ran correlation map to find out highly correlated \n",
        "elements. It shows that *Exit Rate* and* Product Related* column has high correlation with bounce \n",
        "rate and Product Related Duration column,respectively. Therefore, we dropped it"
      ]
    },
    {
      "cell_type": "code",
      "metadata": {
        "colab": {
          "base_uri": "https://localhost:8080/"
        },
        "id": "637NErhUdud6",
        "outputId": "e0fe1dab-b4bc-4cca-ac09-5d63d05e0952"
      },
      "source": [
        "####Cleaning data\n",
        "# Importing dataset and examining it\n",
        "dataset = pd.read_csv(\"E-Shop.csv\")\n",
        "print(dataset.head())\n",
        "print(dataset.shape)\n",
        "print(dataset.info())\n",
        "print(dataset.describe())\n",
        "# Converting catagorical into numerical\n",
        "dataset['Month'] = dataset['Month'].map({'Jan':0, 'Feb':1, 'Mar':2, 'Apr':3, 'May':4, 'June':5, 'Jul':6, 'Aug':7, 'Sep':8, 'Oct':9, 'Nov':10,'Dec':11,})\n",
        "dataset['VisitorType'] = dataset['VisitorType'].map({'Returning_Visitor':1, 'New_Visitor':0})\n",
        "dataset['Weekend'] = dataset['Weekend'].map({True :1, False:0})\n",
        "dataset['Transaction'] = dataset['Transaction'].map({True:1, False:0})\n"
      ],
      "execution_count": 11,
      "outputs": [
        {
          "output_type": "stream",
          "text": [
            "   Administrative  Administrative_Duration  ...  Weekend  Transaction\n",
            "0               0                      0.0  ...    False        False\n",
            "1               0                      0.0  ...    False        False\n",
            "2               0                      0.0  ...    False        False\n",
            "3               0                      0.0  ...    False        False\n",
            "4               0                      0.0  ...     True        False\n",
            "\n",
            "[5 rows x 14 columns]\n",
            "(12245, 14)\n",
            "<class 'pandas.core.frame.DataFrame'>\n",
            "RangeIndex: 12245 entries, 0 to 12244\n",
            "Data columns (total 14 columns):\n",
            " #   Column                   Non-Null Count  Dtype  \n",
            "---  ------                   --------------  -----  \n",
            " 0   Administrative           12245 non-null  int64  \n",
            " 1   Administrative_Duration  12245 non-null  float64\n",
            " 2   Informational            12245 non-null  int64  \n",
            " 3   Informational_Duration   12245 non-null  float64\n",
            " 4   ProductRelated           12245 non-null  int64  \n",
            " 5   ProductRelated_Duration  12245 non-null  float64\n",
            " 6   BounceRate               12245 non-null  float64\n",
            " 7   ExitRate                 12245 non-null  float64\n",
            " 8   PageValue                12245 non-null  float64\n",
            " 9   SpecialDay               12245 non-null  float64\n",
            " 10  Month                    12245 non-null  object \n",
            " 11  VisitorType              12245 non-null  object \n",
            " 12  Weekend                  12245 non-null  bool   \n",
            " 13  Transaction              12245 non-null  bool   \n",
            "dtypes: bool(2), float64(7), int64(3), object(2)\n",
            "memory usage: 1.1+ MB\n",
            "None\n",
            "       Administrative  Administrative_Duration  ...     PageValue    SpecialDay\n",
            "count    12245.000000             12245.000000  ...  12245.000000  12245.000000\n",
            "mean         2.321029                80.944413  ...      5.803858      0.061854\n",
            "std          3.326056               176.579347  ...     18.075511      0.199540\n",
            "min          0.000000                 0.000000  ...      0.000000      0.000000\n",
            "25%          0.000000                 0.000000  ...      0.000000      0.000000\n",
            "50%          1.000000                 8.000000  ...      0.000000      0.000000\n",
            "75%          4.000000                93.600000  ...      0.000000      0.000000\n",
            "max         27.000000              3398.750000  ...    361.763742      1.000000\n",
            "\n",
            "[8 rows x 10 columns]\n"
          ],
          "name": "stdout"
        }
      ]
    },
    {
      "cell_type": "code",
      "metadata": {
        "id": "YerDmx1_eJIL"
      },
      "source": [
        "# Plotting Correlation Heatmap\n",
        "corrs = dataset.corr()\n",
        "figure = ff.create_annotated_heatmap(\n",
        "    z=corrs.values,\n",
        "    x=list(corrs.columns),\n",
        "    y=list(corrs.index),\n",
        "    annotation_text=corrs.round(2).values,\n",
        "    showscale=True)\n",
        "\n"
      ],
      "execution_count": 27,
      "outputs": []
    },
    {
      "cell_type": "code",
      "metadata": {
        "colab": {
          "base_uri": "https://localhost:8080/",
          "height": 542
        },
        "id": "fADhLQo0lh5V",
        "outputId": "c326627f-5d4c-4813-9a0b-f5e0fd681ec1"
      },
      "source": [
        "figure"
      ],
      "execution_count": 30,
      "outputs": [
        {
          "output_type": "display_data",
          "data": {
            "text/html": [
              "<html>\n",
              "<head><meta charset=\"utf-8\" /></head>\n",
              "<body>\n",
              "    <div>\n",
              "            <script src=\"https://cdnjs.cloudflare.com/ajax/libs/mathjax/2.7.5/MathJax.js?config=TeX-AMS-MML_SVG\"></script><script type=\"text/javascript\">if (window.MathJax) {MathJax.Hub.Config({SVG: {font: \"STIX-Web\"}});}</script>\n",
              "                <script type=\"text/javascript\">window.PlotlyConfig = {MathJaxConfig: 'local'};</script>\n",
              "        <script src=\"https://cdn.plot.ly/plotly-latest.min.js\"></script>    \n",
              "            <div id=\"571a4f1a-c928-46fc-b981-bcf86e047226\" class=\"plotly-graph-div\" style=\"height:525px; width:100%;\"></div>\n",
              "            <script type=\"text/javascript\">\n",
              "                \n",
              "                    window.PLOTLYENV=window.PLOTLYENV || {};\n",
              "                    \n",
              "                if (document.getElementById(\"571a4f1a-c928-46fc-b981-bcf86e047226\")) {\n",
              "                    Plotly.newPlot(\n",
              "                        '571a4f1a-c928-46fc-b981-bcf86e047226',\n",
              "                        [{\"colorscale\": [[0.0, \"#0d0887\"], [0.1111111111111111, \"#46039f\"], [0.2222222222222222, \"#7201a8\"], [0.3333333333333333, \"#9c179e\"], [0.4444444444444444, \"#bd3786\"], [0.5555555555555556, \"#d8576b\"], [0.6666666666666666, \"#ed7953\"], [0.7777777777777778, \"#fb9f3a\"], [0.8888888888888888, \"#fdca26\"], [1.0, \"#f0f921\"]], \"reversescale\": false, \"showscale\": true, \"type\": \"heatmap\", \"x\": [\"Administrative\", \"Administrative_Duration\", \"Informational\", \"Informational_Duration\", \"ProductRelated_Duration\", \"BounceRate\", \"PageValue\", \"SpecialDay\", \"Month\", \"VisitorType\", \"Weekend\", \"Transaction\"], \"y\": [\"Administrative\", \"Administrative_Duration\", \"Informational\", \"Informational_Duration\", \"ProductRelated_Duration\", \"BounceRate\", \"PageValue\", \"SpecialDay\", \"Month\", \"VisitorType\", \"Weekend\", \"Transaction\"], \"z\": [[1.0, 0.6027602490733482, 0.3775322296779579, 0.2560529565514517, 0.3747760048354654, -0.22311165163312752, 0.10344781210718952, -0.09556176529358312, 0.09935347833380279, -0.027820049868511137, 0.026027512383726303, 0.13890110700508812], [0.6027602490733482, 1.0, 0.30398178019162014, 0.23839914150350103, 0.3572599337840068, -0.14398909812067534, 0.07130283552298892, -0.07388619359365493, 0.05918868991717127, -0.024886948484570345, 0.01518155786286454, 0.09353656687605626], [0.3775322296779579, 0.30398178019162014, 1.0, 0.6189613487269322, 0.3869300225936883, -0.11626079677324125, 0.05232307766110502, -0.0488483244396079, 0.06645069050196256, 0.05423970669975072, 0.03529545885101313, 0.09566568320939384], [0.2560529565514517, 0.23839914150350103, 0.6189613487269322, 1.0, 0.3473282083634786, -0.07412060551065061, 0.03317864514824766, -0.030955723013638307, 0.04619803291147647, 0.043703081770341386, 0.0234395206632903, 0.07041220358247126], [0.3747760048354654, 0.3572599337840068, 0.3869300225936883, 0.3473282083634786, 1.0, -0.18467594994061903, 0.054523027702569976, -0.03716058425090868, 0.1418409258293871, 0.11763397369691983, 0.0066842830603120774, 0.15219256455116126], [-0.22311165163312752, -0.14398909812067534, -0.11626079677324125, -0.07412060551065061, -0.18467594994061903, 1.0, -0.12057022240722239, 0.07414339060016144, -0.07002186284878287, 0.13980063855995858, -0.0467212346496259, -0.15011406046105144], [0.10344781210718952, 0.07130283552298892, 0.05232307766110502, 0.03317864514824766, 0.054523027702569976, -0.12057022240722239, 1.0, -0.064057281418451, 0.06348211313613823, -0.11014059237498187, 0.01510906564972535, 0.49495923380525325], [-0.09556176529358312, -0.07388619359365493, -0.0488483244396079, -0.030955723013638307, -0.03716058425090868, 0.07414339060016144, -0.064057281418451, 1.0, -0.2557384875992103, 0.08366950059507126, -0.01756871155062455, -0.08246849105926464], [0.09935347833380279, 0.05918868991717127, 0.06645069050196256, 0.04619803291147647, 0.1418409258293871, -0.07002186284878287, 0.06348211313613823, -0.2557384875992103, 1.0, -0.09446677581618779, 0.020196883986601855, 0.12762140633475852], [-0.027820049868511137, -0.024886948484570345, 0.05423970669975072, 0.043703081770341386, 0.11763397369691983, 0.13980063855995858, -0.11014059237498187, 0.08366950059507126, -0.09446677581618779, 1.0, -0.04650947584631735, -0.10487633728773565], [0.026027512383726303, 0.01518155786286454, 0.03529545885101313, 0.0234395206632903, 0.0066842830603120774, -0.0467212346496259, 0.01510906564972535, -0.01756871155062455, 0.020196883986601855, -0.04650947584631735, 1.0, 0.029870514422753958], [0.13890110700508812, 0.09353656687605626, 0.09566568320939384, 0.07041220358247126, 0.15219256455116126, -0.15011406046105144, 0.49495923380525325, -0.08246849105926464, 0.12762140633475852, -0.10487633728773565, 0.029870514422753958, 1.0]]}],\n",
              "                        {\"annotations\": [{\"font\": {\"color\": \"#000000\"}, \"showarrow\": false, \"text\": \"1.0\", \"x\": \"Administrative\", \"xref\": \"x\", \"y\": \"Administrative\", \"yref\": \"y\"}, {\"font\": {\"color\": \"#000000\"}, \"showarrow\": false, \"text\": \"0.6\", \"x\": \"Administrative_Duration\", \"xref\": \"x\", \"y\": \"Administrative\", \"yref\": \"y\"}, {\"font\": {\"color\": \"#000000\"}, \"showarrow\": false, \"text\": \"0.38\", \"x\": \"Informational\", \"xref\": \"x\", \"y\": \"Administrative\", \"yref\": \"y\"}, {\"font\": {\"color\": \"#FFFFFF\"}, \"showarrow\": false, \"text\": \"0.26\", \"x\": \"Informational_Duration\", \"xref\": \"x\", \"y\": \"Administrative\", \"yref\": \"y\"}, {\"font\": {\"color\": \"#000000\"}, \"showarrow\": false, \"text\": \"0.37\", \"x\": \"ProductRelated_Duration\", \"xref\": \"x\", \"y\": \"Administrative\", \"yref\": \"y\"}, {\"font\": {\"color\": \"#FFFFFF\"}, \"showarrow\": false, \"text\": \"-0.22\", \"x\": \"BounceRate\", \"xref\": \"x\", \"y\": \"Administrative\", \"yref\": \"y\"}, {\"font\": {\"color\": \"#FFFFFF\"}, \"showarrow\": false, \"text\": \"0.1\", \"x\": \"PageValue\", \"xref\": \"x\", \"y\": \"Administrative\", \"yref\": \"y\"}, {\"font\": {\"color\": \"#FFFFFF\"}, \"showarrow\": false, \"text\": \"-0.1\", \"x\": \"SpecialDay\", \"xref\": \"x\", \"y\": \"Administrative\", \"yref\": \"y\"}, {\"font\": {\"color\": \"#FFFFFF\"}, \"showarrow\": false, \"text\": \"0.1\", \"x\": \"Month\", \"xref\": \"x\", \"y\": \"Administrative\", \"yref\": \"y\"}, {\"font\": {\"color\": \"#FFFFFF\"}, \"showarrow\": false, \"text\": \"-0.03\", \"x\": \"VisitorType\", \"xref\": \"x\", \"y\": \"Administrative\", \"yref\": \"y\"}, {\"font\": {\"color\": \"#FFFFFF\"}, \"showarrow\": false, \"text\": \"0.03\", \"x\": \"Weekend\", \"xref\": \"x\", \"y\": \"Administrative\", \"yref\": \"y\"}, {\"font\": {\"color\": \"#FFFFFF\"}, \"showarrow\": false, \"text\": \"0.14\", \"x\": \"Transaction\", \"xref\": \"x\", \"y\": \"Administrative\", \"yref\": \"y\"}, {\"font\": {\"color\": \"#000000\"}, \"showarrow\": false, \"text\": \"0.6\", \"x\": \"Administrative\", \"xref\": \"x\", \"y\": \"Administrative_Duration\", \"yref\": \"y\"}, {\"font\": {\"color\": \"#000000\"}, \"showarrow\": false, \"text\": \"1.0\", \"x\": \"Administrative_Duration\", \"xref\": \"x\", \"y\": \"Administrative_Duration\", \"yref\": \"y\"}, {\"font\": {\"color\": \"#FFFFFF\"}, \"showarrow\": false, \"text\": \"0.3\", \"x\": \"Informational\", \"xref\": \"x\", \"y\": \"Administrative_Duration\", \"yref\": \"y\"}, {\"font\": {\"color\": \"#FFFFFF\"}, \"showarrow\": false, \"text\": \"0.24\", \"x\": \"Informational_Duration\", \"xref\": \"x\", \"y\": \"Administrative_Duration\", \"yref\": \"y\"}, {\"font\": {\"color\": \"#FFFFFF\"}, \"showarrow\": false, \"text\": \"0.36\", \"x\": \"ProductRelated_Duration\", \"xref\": \"x\", \"y\": \"Administrative_Duration\", \"yref\": \"y\"}, {\"font\": {\"color\": \"#FFFFFF\"}, \"showarrow\": false, \"text\": \"-0.14\", \"x\": \"BounceRate\", \"xref\": \"x\", \"y\": \"Administrative_Duration\", \"yref\": \"y\"}, {\"font\": {\"color\": \"#FFFFFF\"}, \"showarrow\": false, \"text\": \"0.07\", \"x\": \"PageValue\", \"xref\": \"x\", \"y\": \"Administrative_Duration\", \"yref\": \"y\"}, {\"font\": {\"color\": \"#FFFFFF\"}, \"showarrow\": false, \"text\": \"-0.07\", \"x\": \"SpecialDay\", \"xref\": \"x\", \"y\": \"Administrative_Duration\", \"yref\": \"y\"}, {\"font\": {\"color\": \"#FFFFFF\"}, \"showarrow\": false, \"text\": \"0.06\", \"x\": \"Month\", \"xref\": \"x\", \"y\": \"Administrative_Duration\", \"yref\": \"y\"}, {\"font\": {\"color\": \"#FFFFFF\"}, \"showarrow\": false, \"text\": \"-0.02\", \"x\": \"VisitorType\", \"xref\": \"x\", \"y\": \"Administrative_Duration\", \"yref\": \"y\"}, {\"font\": {\"color\": \"#FFFFFF\"}, \"showarrow\": false, \"text\": \"0.02\", \"x\": \"Weekend\", \"xref\": \"x\", \"y\": \"Administrative_Duration\", \"yref\": \"y\"}, {\"font\": {\"color\": \"#FFFFFF\"}, \"showarrow\": false, \"text\": \"0.09\", \"x\": \"Transaction\", \"xref\": \"x\", \"y\": \"Administrative_Duration\", \"yref\": \"y\"}, {\"font\": {\"color\": \"#000000\"}, \"showarrow\": false, \"text\": \"0.38\", \"x\": \"Administrative\", \"xref\": \"x\", \"y\": \"Informational\", \"yref\": \"y\"}, {\"font\": {\"color\": \"#FFFFFF\"}, \"showarrow\": false, \"text\": \"0.3\", \"x\": \"Administrative_Duration\", \"xref\": \"x\", \"y\": \"Informational\", \"yref\": \"y\"}, {\"font\": {\"color\": \"#000000\"}, \"showarrow\": false, \"text\": \"1.0\", \"x\": \"Informational\", \"xref\": \"x\", \"y\": \"Informational\", \"yref\": \"y\"}, {\"font\": {\"color\": \"#000000\"}, \"showarrow\": false, \"text\": \"0.62\", \"x\": \"Informational_Duration\", \"xref\": \"x\", \"y\": \"Informational\", \"yref\": \"y\"}, {\"font\": {\"color\": \"#000000\"}, \"showarrow\": false, \"text\": \"0.39\", \"x\": \"ProductRelated_Duration\", \"xref\": \"x\", \"y\": \"Informational\", \"yref\": \"y\"}, {\"font\": {\"color\": \"#FFFFFF\"}, \"showarrow\": false, \"text\": \"-0.12\", \"x\": \"BounceRate\", \"xref\": \"x\", \"y\": \"Informational\", \"yref\": \"y\"}, {\"font\": {\"color\": \"#FFFFFF\"}, \"showarrow\": false, \"text\": \"0.05\", \"x\": \"PageValue\", \"xref\": \"x\", \"y\": \"Informational\", \"yref\": \"y\"}, {\"font\": {\"color\": \"#FFFFFF\"}, \"showarrow\": false, \"text\": \"-0.05\", \"x\": \"SpecialDay\", \"xref\": \"x\", \"y\": \"Informational\", \"yref\": \"y\"}, {\"font\": {\"color\": \"#FFFFFF\"}, \"showarrow\": false, \"text\": \"0.07\", \"x\": \"Month\", \"xref\": \"x\", \"y\": \"Informational\", \"yref\": \"y\"}, {\"font\": {\"color\": \"#FFFFFF\"}, \"showarrow\": false, \"text\": \"0.05\", \"x\": \"VisitorType\", \"xref\": \"x\", \"y\": \"Informational\", \"yref\": \"y\"}, {\"font\": {\"color\": \"#FFFFFF\"}, \"showarrow\": false, \"text\": \"0.04\", \"x\": \"Weekend\", \"xref\": \"x\", \"y\": \"Informational\", \"yref\": \"y\"}, {\"font\": {\"color\": \"#FFFFFF\"}, \"showarrow\": false, \"text\": \"0.1\", \"x\": \"Transaction\", \"xref\": \"x\", \"y\": \"Informational\", \"yref\": \"y\"}, {\"font\": {\"color\": \"#FFFFFF\"}, \"showarrow\": false, \"text\": \"0.26\", \"x\": \"Administrative\", \"xref\": \"x\", \"y\": \"Informational_Duration\", \"yref\": \"y\"}, {\"font\": {\"color\": \"#FFFFFF\"}, \"showarrow\": false, \"text\": \"0.24\", \"x\": \"Administrative_Duration\", \"xref\": \"x\", \"y\": \"Informational_Duration\", \"yref\": \"y\"}, {\"font\": {\"color\": \"#000000\"}, \"showarrow\": false, \"text\": \"0.62\", \"x\": \"Informational\", \"xref\": \"x\", \"y\": \"Informational_Duration\", \"yref\": \"y\"}, {\"font\": {\"color\": \"#000000\"}, \"showarrow\": false, \"text\": \"1.0\", \"x\": \"Informational_Duration\", \"xref\": \"x\", \"y\": \"Informational_Duration\", \"yref\": \"y\"}, {\"font\": {\"color\": \"#FFFFFF\"}, \"showarrow\": false, \"text\": \"0.35\", \"x\": \"ProductRelated_Duration\", \"xref\": \"x\", \"y\": \"Informational_Duration\", \"yref\": \"y\"}, {\"font\": {\"color\": \"#FFFFFF\"}, \"showarrow\": false, \"text\": \"-0.07\", \"x\": \"BounceRate\", \"xref\": \"x\", \"y\": \"Informational_Duration\", \"yref\": \"y\"}, {\"font\": {\"color\": \"#FFFFFF\"}, \"showarrow\": false, \"text\": \"0.03\", \"x\": \"PageValue\", \"xref\": \"x\", \"y\": \"Informational_Duration\", \"yref\": \"y\"}, {\"font\": {\"color\": \"#FFFFFF\"}, \"showarrow\": false, \"text\": \"-0.03\", \"x\": \"SpecialDay\", \"xref\": \"x\", \"y\": \"Informational_Duration\", \"yref\": \"y\"}, {\"font\": {\"color\": \"#FFFFFF\"}, \"showarrow\": false, \"text\": \"0.05\", \"x\": \"Month\", \"xref\": \"x\", \"y\": \"Informational_Duration\", \"yref\": \"y\"}, {\"font\": {\"color\": \"#FFFFFF\"}, \"showarrow\": false, \"text\": \"0.04\", \"x\": \"VisitorType\", \"xref\": \"x\", \"y\": \"Informational_Duration\", \"yref\": \"y\"}, {\"font\": {\"color\": \"#FFFFFF\"}, \"showarrow\": false, \"text\": \"0.02\", \"x\": \"Weekend\", \"xref\": \"x\", \"y\": \"Informational_Duration\", \"yref\": \"y\"}, {\"font\": {\"color\": \"#FFFFFF\"}, \"showarrow\": false, \"text\": \"0.07\", \"x\": \"Transaction\", \"xref\": \"x\", \"y\": \"Informational_Duration\", \"yref\": \"y\"}, {\"font\": {\"color\": \"#000000\"}, \"showarrow\": false, \"text\": \"0.37\", \"x\": \"Administrative\", \"xref\": \"x\", \"y\": \"ProductRelated_Duration\", \"yref\": \"y\"}, {\"font\": {\"color\": \"#FFFFFF\"}, \"showarrow\": false, \"text\": \"0.36\", \"x\": \"Administrative_Duration\", \"xref\": \"x\", \"y\": \"ProductRelated_Duration\", \"yref\": \"y\"}, {\"font\": {\"color\": \"#000000\"}, \"showarrow\": false, \"text\": \"0.39\", \"x\": \"Informational\", \"xref\": \"x\", \"y\": \"ProductRelated_Duration\", \"yref\": \"y\"}, {\"font\": {\"color\": \"#FFFFFF\"}, \"showarrow\": false, \"text\": \"0.35\", \"x\": \"Informational_Duration\", \"xref\": \"x\", \"y\": \"ProductRelated_Duration\", \"yref\": \"y\"}, {\"font\": {\"color\": \"#000000\"}, \"showarrow\": false, \"text\": \"1.0\", \"x\": \"ProductRelated_Duration\", \"xref\": \"x\", \"y\": \"ProductRelated_Duration\", \"yref\": \"y\"}, {\"font\": {\"color\": \"#FFFFFF\"}, \"showarrow\": false, \"text\": \"-0.18\", \"x\": \"BounceRate\", \"xref\": \"x\", \"y\": \"ProductRelated_Duration\", \"yref\": \"y\"}, {\"font\": {\"color\": \"#FFFFFF\"}, \"showarrow\": false, \"text\": \"0.05\", \"x\": \"PageValue\", \"xref\": \"x\", \"y\": \"ProductRelated_Duration\", \"yref\": \"y\"}, {\"font\": {\"color\": \"#FFFFFF\"}, \"showarrow\": false, \"text\": \"-0.04\", \"x\": \"SpecialDay\", \"xref\": \"x\", \"y\": \"ProductRelated_Duration\", \"yref\": \"y\"}, {\"font\": {\"color\": \"#FFFFFF\"}, \"showarrow\": false, \"text\": \"0.14\", \"x\": \"Month\", \"xref\": \"x\", \"y\": \"ProductRelated_Duration\", \"yref\": \"y\"}, {\"font\": {\"color\": \"#FFFFFF\"}, \"showarrow\": false, \"text\": \"0.12\", \"x\": \"VisitorType\", \"xref\": \"x\", \"y\": \"ProductRelated_Duration\", \"yref\": \"y\"}, {\"font\": {\"color\": \"#FFFFFF\"}, \"showarrow\": false, \"text\": \"0.01\", \"x\": \"Weekend\", \"xref\": \"x\", \"y\": \"ProductRelated_Duration\", \"yref\": \"y\"}, {\"font\": {\"color\": \"#FFFFFF\"}, \"showarrow\": false, \"text\": \"0.15\", \"x\": \"Transaction\", \"xref\": \"x\", \"y\": \"ProductRelated_Duration\", \"yref\": \"y\"}, {\"font\": {\"color\": \"#FFFFFF\"}, \"showarrow\": false, \"text\": \"-0.22\", \"x\": \"Administrative\", \"xref\": \"x\", \"y\": \"BounceRate\", \"yref\": \"y\"}, {\"font\": {\"color\": \"#FFFFFF\"}, \"showarrow\": false, \"text\": \"-0.14\", \"x\": \"Administrative_Duration\", \"xref\": \"x\", \"y\": \"BounceRate\", \"yref\": \"y\"}, {\"font\": {\"color\": \"#FFFFFF\"}, \"showarrow\": false, \"text\": \"-0.12\", \"x\": \"Informational\", \"xref\": \"x\", \"y\": \"BounceRate\", \"yref\": \"y\"}, {\"font\": {\"color\": \"#FFFFFF\"}, \"showarrow\": false, \"text\": \"-0.07\", \"x\": \"Informational_Duration\", \"xref\": \"x\", \"y\": \"BounceRate\", \"yref\": \"y\"}, {\"font\": {\"color\": \"#FFFFFF\"}, \"showarrow\": false, \"text\": \"-0.18\", \"x\": \"ProductRelated_Duration\", \"xref\": \"x\", \"y\": \"BounceRate\", \"yref\": \"y\"}, {\"font\": {\"color\": \"#000000\"}, \"showarrow\": false, \"text\": \"1.0\", \"x\": \"BounceRate\", \"xref\": \"x\", \"y\": \"BounceRate\", \"yref\": \"y\"}, {\"font\": {\"color\": \"#FFFFFF\"}, \"showarrow\": false, \"text\": \"-0.12\", \"x\": \"PageValue\", \"xref\": \"x\", \"y\": \"BounceRate\", \"yref\": \"y\"}, {\"font\": {\"color\": \"#FFFFFF\"}, \"showarrow\": false, \"text\": \"0.07\", \"x\": \"SpecialDay\", \"xref\": \"x\", \"y\": \"BounceRate\", \"yref\": \"y\"}, {\"font\": {\"color\": \"#FFFFFF\"}, \"showarrow\": false, \"text\": \"-0.07\", \"x\": \"Month\", \"xref\": \"x\", \"y\": \"BounceRate\", \"yref\": \"y\"}, {\"font\": {\"color\": \"#FFFFFF\"}, \"showarrow\": false, \"text\": \"0.14\", \"x\": \"VisitorType\", \"xref\": \"x\", \"y\": \"BounceRate\", \"yref\": \"y\"}, {\"font\": {\"color\": \"#FFFFFF\"}, \"showarrow\": false, \"text\": \"-0.05\", \"x\": \"Weekend\", \"xref\": \"x\", \"y\": \"BounceRate\", \"yref\": \"y\"}, {\"font\": {\"color\": \"#FFFFFF\"}, \"showarrow\": false, \"text\": \"-0.15\", \"x\": \"Transaction\", \"xref\": \"x\", \"y\": \"BounceRate\", \"yref\": \"y\"}, {\"font\": {\"color\": \"#FFFFFF\"}, \"showarrow\": false, \"text\": \"0.1\", \"x\": \"Administrative\", \"xref\": \"x\", \"y\": \"PageValue\", \"yref\": \"y\"}, {\"font\": {\"color\": \"#FFFFFF\"}, \"showarrow\": false, \"text\": \"0.07\", \"x\": \"Administrative_Duration\", \"xref\": \"x\", \"y\": \"PageValue\", \"yref\": \"y\"}, {\"font\": {\"color\": \"#FFFFFF\"}, \"showarrow\": false, \"text\": \"0.05\", \"x\": \"Informational\", \"xref\": \"x\", \"y\": \"PageValue\", \"yref\": \"y\"}, {\"font\": {\"color\": \"#FFFFFF\"}, \"showarrow\": false, \"text\": \"0.03\", \"x\": \"Informational_Duration\", \"xref\": \"x\", \"y\": \"PageValue\", \"yref\": \"y\"}, {\"font\": {\"color\": \"#FFFFFF\"}, \"showarrow\": false, \"text\": \"0.05\", \"x\": \"ProductRelated_Duration\", \"xref\": \"x\", \"y\": \"PageValue\", \"yref\": \"y\"}, {\"font\": {\"color\": \"#FFFFFF\"}, \"showarrow\": false, \"text\": \"-0.12\", \"x\": \"BounceRate\", \"xref\": \"x\", \"y\": \"PageValue\", \"yref\": \"y\"}, {\"font\": {\"color\": \"#000000\"}, \"showarrow\": false, \"text\": \"1.0\", \"x\": \"PageValue\", \"xref\": \"x\", \"y\": \"PageValue\", \"yref\": \"y\"}, {\"font\": {\"color\": \"#FFFFFF\"}, \"showarrow\": false, \"text\": \"-0.06\", \"x\": \"SpecialDay\", \"xref\": \"x\", \"y\": \"PageValue\", \"yref\": \"y\"}, {\"font\": {\"color\": \"#FFFFFF\"}, \"showarrow\": false, \"text\": \"0.06\", \"x\": \"Month\", \"xref\": \"x\", \"y\": \"PageValue\", \"yref\": \"y\"}, {\"font\": {\"color\": \"#FFFFFF\"}, \"showarrow\": false, \"text\": \"-0.11\", \"x\": \"VisitorType\", \"xref\": \"x\", \"y\": \"PageValue\", \"yref\": \"y\"}, {\"font\": {\"color\": \"#FFFFFF\"}, \"showarrow\": false, \"text\": \"0.02\", \"x\": \"Weekend\", \"xref\": \"x\", \"y\": \"PageValue\", \"yref\": \"y\"}, {\"font\": {\"color\": \"#000000\"}, \"showarrow\": false, \"text\": \"0.49\", \"x\": \"Transaction\", \"xref\": \"x\", \"y\": \"PageValue\", \"yref\": \"y\"}, {\"font\": {\"color\": \"#FFFFFF\"}, \"showarrow\": false, \"text\": \"-0.1\", \"x\": \"Administrative\", \"xref\": \"x\", \"y\": \"SpecialDay\", \"yref\": \"y\"}, {\"font\": {\"color\": \"#FFFFFF\"}, \"showarrow\": false, \"text\": \"-0.07\", \"x\": \"Administrative_Duration\", \"xref\": \"x\", \"y\": \"SpecialDay\", \"yref\": \"y\"}, {\"font\": {\"color\": \"#FFFFFF\"}, \"showarrow\": false, \"text\": \"-0.05\", \"x\": \"Informational\", \"xref\": \"x\", \"y\": \"SpecialDay\", \"yref\": \"y\"}, {\"font\": {\"color\": \"#FFFFFF\"}, \"showarrow\": false, \"text\": \"-0.03\", \"x\": \"Informational_Duration\", \"xref\": \"x\", \"y\": \"SpecialDay\", \"yref\": \"y\"}, {\"font\": {\"color\": \"#FFFFFF\"}, \"showarrow\": false, \"text\": \"-0.04\", \"x\": \"ProductRelated_Duration\", \"xref\": \"x\", \"y\": \"SpecialDay\", \"yref\": \"y\"}, {\"font\": {\"color\": \"#FFFFFF\"}, \"showarrow\": false, \"text\": \"0.07\", \"x\": \"BounceRate\", \"xref\": \"x\", \"y\": \"SpecialDay\", \"yref\": \"y\"}, {\"font\": {\"color\": \"#FFFFFF\"}, \"showarrow\": false, \"text\": \"-0.06\", \"x\": \"PageValue\", \"xref\": \"x\", \"y\": \"SpecialDay\", \"yref\": \"y\"}, {\"font\": {\"color\": \"#000000\"}, \"showarrow\": false, \"text\": \"1.0\", \"x\": \"SpecialDay\", \"xref\": \"x\", \"y\": \"SpecialDay\", \"yref\": \"y\"}, {\"font\": {\"color\": \"#FFFFFF\"}, \"showarrow\": false, \"text\": \"-0.26\", \"x\": \"Month\", \"xref\": \"x\", \"y\": \"SpecialDay\", \"yref\": \"y\"}, {\"font\": {\"color\": \"#FFFFFF\"}, \"showarrow\": false, \"text\": \"0.08\", \"x\": \"VisitorType\", \"xref\": \"x\", \"y\": \"SpecialDay\", \"yref\": \"y\"}, {\"font\": {\"color\": \"#FFFFFF\"}, \"showarrow\": false, \"text\": \"-0.02\", \"x\": \"Weekend\", \"xref\": \"x\", \"y\": \"SpecialDay\", \"yref\": \"y\"}, {\"font\": {\"color\": \"#FFFFFF\"}, \"showarrow\": false, \"text\": \"-0.08\", \"x\": \"Transaction\", \"xref\": \"x\", \"y\": \"SpecialDay\", \"yref\": \"y\"}, {\"font\": {\"color\": \"#FFFFFF\"}, \"showarrow\": false, \"text\": \"0.1\", \"x\": \"Administrative\", \"xref\": \"x\", \"y\": \"Month\", \"yref\": \"y\"}, {\"font\": {\"color\": \"#FFFFFF\"}, \"showarrow\": false, \"text\": \"0.06\", \"x\": \"Administrative_Duration\", \"xref\": \"x\", \"y\": \"Month\", \"yref\": \"y\"}, {\"font\": {\"color\": \"#FFFFFF\"}, \"showarrow\": false, \"text\": \"0.07\", \"x\": \"Informational\", \"xref\": \"x\", \"y\": \"Month\", \"yref\": \"y\"}, {\"font\": {\"color\": \"#FFFFFF\"}, \"showarrow\": false, \"text\": \"0.05\", \"x\": \"Informational_Duration\", \"xref\": \"x\", \"y\": \"Month\", \"yref\": \"y\"}, {\"font\": {\"color\": \"#FFFFFF\"}, \"showarrow\": false, \"text\": \"0.14\", \"x\": \"ProductRelated_Duration\", \"xref\": \"x\", \"y\": \"Month\", \"yref\": \"y\"}, {\"font\": {\"color\": \"#FFFFFF\"}, \"showarrow\": false, \"text\": \"-0.07\", \"x\": \"BounceRate\", \"xref\": \"x\", \"y\": \"Month\", \"yref\": \"y\"}, {\"font\": {\"color\": \"#FFFFFF\"}, \"showarrow\": false, \"text\": \"0.06\", \"x\": \"PageValue\", \"xref\": \"x\", \"y\": \"Month\", \"yref\": \"y\"}, {\"font\": {\"color\": \"#FFFFFF\"}, \"showarrow\": false, \"text\": \"-0.26\", \"x\": \"SpecialDay\", \"xref\": \"x\", \"y\": \"Month\", \"yref\": \"y\"}, {\"font\": {\"color\": \"#000000\"}, \"showarrow\": false, \"text\": \"1.0\", \"x\": \"Month\", \"xref\": \"x\", \"y\": \"Month\", \"yref\": \"y\"}, {\"font\": {\"color\": \"#FFFFFF\"}, \"showarrow\": false, \"text\": \"-0.09\", \"x\": \"VisitorType\", \"xref\": \"x\", \"y\": \"Month\", \"yref\": \"y\"}, {\"font\": {\"color\": \"#FFFFFF\"}, \"showarrow\": false, \"text\": \"0.02\", \"x\": \"Weekend\", \"xref\": \"x\", \"y\": \"Month\", \"yref\": \"y\"}, {\"font\": {\"color\": \"#FFFFFF\"}, \"showarrow\": false, \"text\": \"0.13\", \"x\": \"Transaction\", \"xref\": \"x\", \"y\": \"Month\", \"yref\": \"y\"}, {\"font\": {\"color\": \"#FFFFFF\"}, \"showarrow\": false, \"text\": \"-0.03\", \"x\": \"Administrative\", \"xref\": \"x\", \"y\": \"VisitorType\", \"yref\": \"y\"}, {\"font\": {\"color\": \"#FFFFFF\"}, \"showarrow\": false, \"text\": \"-0.02\", \"x\": \"Administrative_Duration\", \"xref\": \"x\", \"y\": \"VisitorType\", \"yref\": \"y\"}, {\"font\": {\"color\": \"#FFFFFF\"}, \"showarrow\": false, \"text\": \"0.05\", \"x\": \"Informational\", \"xref\": \"x\", \"y\": \"VisitorType\", \"yref\": \"y\"}, {\"font\": {\"color\": \"#FFFFFF\"}, \"showarrow\": false, \"text\": \"0.04\", \"x\": \"Informational_Duration\", \"xref\": \"x\", \"y\": \"VisitorType\", \"yref\": \"y\"}, {\"font\": {\"color\": \"#FFFFFF\"}, \"showarrow\": false, \"text\": \"0.12\", \"x\": \"ProductRelated_Duration\", \"xref\": \"x\", \"y\": \"VisitorType\", \"yref\": \"y\"}, {\"font\": {\"color\": \"#FFFFFF\"}, \"showarrow\": false, \"text\": \"0.14\", \"x\": \"BounceRate\", \"xref\": \"x\", \"y\": \"VisitorType\", \"yref\": \"y\"}, {\"font\": {\"color\": \"#FFFFFF\"}, \"showarrow\": false, \"text\": \"-0.11\", \"x\": \"PageValue\", \"xref\": \"x\", \"y\": \"VisitorType\", \"yref\": \"y\"}, {\"font\": {\"color\": \"#FFFFFF\"}, \"showarrow\": false, \"text\": \"0.08\", \"x\": \"SpecialDay\", \"xref\": \"x\", \"y\": \"VisitorType\", \"yref\": \"y\"}, {\"font\": {\"color\": \"#FFFFFF\"}, \"showarrow\": false, \"text\": \"-0.09\", \"x\": \"Month\", \"xref\": \"x\", \"y\": \"VisitorType\", \"yref\": \"y\"}, {\"font\": {\"color\": \"#000000\"}, \"showarrow\": false, \"text\": \"1.0\", \"x\": \"VisitorType\", \"xref\": \"x\", \"y\": \"VisitorType\", \"yref\": \"y\"}, {\"font\": {\"color\": \"#FFFFFF\"}, \"showarrow\": false, \"text\": \"-0.05\", \"x\": \"Weekend\", \"xref\": \"x\", \"y\": \"VisitorType\", \"yref\": \"y\"}, {\"font\": {\"color\": \"#FFFFFF\"}, \"showarrow\": false, \"text\": \"-0.1\", \"x\": \"Transaction\", \"xref\": \"x\", \"y\": \"VisitorType\", \"yref\": \"y\"}, {\"font\": {\"color\": \"#FFFFFF\"}, \"showarrow\": false, \"text\": \"0.03\", \"x\": \"Administrative\", \"xref\": \"x\", \"y\": \"Weekend\", \"yref\": \"y\"}, {\"font\": {\"color\": \"#FFFFFF\"}, \"showarrow\": false, \"text\": \"0.02\", \"x\": \"Administrative_Duration\", \"xref\": \"x\", \"y\": \"Weekend\", \"yref\": \"y\"}, {\"font\": {\"color\": \"#FFFFFF\"}, \"showarrow\": false, \"text\": \"0.04\", \"x\": \"Informational\", \"xref\": \"x\", \"y\": \"Weekend\", \"yref\": \"y\"}, {\"font\": {\"color\": \"#FFFFFF\"}, \"showarrow\": false, \"text\": \"0.02\", \"x\": \"Informational_Duration\", \"xref\": \"x\", \"y\": \"Weekend\", \"yref\": \"y\"}, {\"font\": {\"color\": \"#FFFFFF\"}, \"showarrow\": false, \"text\": \"0.01\", \"x\": \"ProductRelated_Duration\", \"xref\": \"x\", \"y\": \"Weekend\", \"yref\": \"y\"}, {\"font\": {\"color\": \"#FFFFFF\"}, \"showarrow\": false, \"text\": \"-0.05\", \"x\": \"BounceRate\", \"xref\": \"x\", \"y\": \"Weekend\", \"yref\": \"y\"}, {\"font\": {\"color\": \"#FFFFFF\"}, \"showarrow\": false, \"text\": \"0.02\", \"x\": \"PageValue\", \"xref\": \"x\", \"y\": \"Weekend\", \"yref\": \"y\"}, {\"font\": {\"color\": \"#FFFFFF\"}, \"showarrow\": false, \"text\": \"-0.02\", \"x\": \"SpecialDay\", \"xref\": \"x\", \"y\": \"Weekend\", \"yref\": \"y\"}, {\"font\": {\"color\": \"#FFFFFF\"}, \"showarrow\": false, \"text\": \"0.02\", \"x\": \"Month\", \"xref\": \"x\", \"y\": \"Weekend\", \"yref\": \"y\"}, {\"font\": {\"color\": \"#FFFFFF\"}, \"showarrow\": false, \"text\": \"-0.05\", \"x\": \"VisitorType\", \"xref\": \"x\", \"y\": \"Weekend\", \"yref\": \"y\"}, {\"font\": {\"color\": \"#000000\"}, \"showarrow\": false, \"text\": \"1.0\", \"x\": \"Weekend\", \"xref\": \"x\", \"y\": \"Weekend\", \"yref\": \"y\"}, {\"font\": {\"color\": \"#FFFFFF\"}, \"showarrow\": false, \"text\": \"0.03\", \"x\": \"Transaction\", \"xref\": \"x\", \"y\": \"Weekend\", \"yref\": \"y\"}, {\"font\": {\"color\": \"#FFFFFF\"}, \"showarrow\": false, \"text\": \"0.14\", \"x\": \"Administrative\", \"xref\": \"x\", \"y\": \"Transaction\", \"yref\": \"y\"}, {\"font\": {\"color\": \"#FFFFFF\"}, \"showarrow\": false, \"text\": \"0.09\", \"x\": \"Administrative_Duration\", \"xref\": \"x\", \"y\": \"Transaction\", \"yref\": \"y\"}, {\"font\": {\"color\": \"#FFFFFF\"}, \"showarrow\": false, \"text\": \"0.1\", \"x\": \"Informational\", \"xref\": \"x\", \"y\": \"Transaction\", \"yref\": \"y\"}, {\"font\": {\"color\": \"#FFFFFF\"}, \"showarrow\": false, \"text\": \"0.07\", \"x\": \"Informational_Duration\", \"xref\": \"x\", \"y\": \"Transaction\", \"yref\": \"y\"}, {\"font\": {\"color\": \"#FFFFFF\"}, \"showarrow\": false, \"text\": \"0.15\", \"x\": \"ProductRelated_Duration\", \"xref\": \"x\", \"y\": \"Transaction\", \"yref\": \"y\"}, {\"font\": {\"color\": \"#FFFFFF\"}, \"showarrow\": false, \"text\": \"-0.15\", \"x\": \"BounceRate\", \"xref\": \"x\", \"y\": \"Transaction\", \"yref\": \"y\"}, {\"font\": {\"color\": \"#000000\"}, \"showarrow\": false, \"text\": \"0.49\", \"x\": \"PageValue\", \"xref\": \"x\", \"y\": \"Transaction\", \"yref\": \"y\"}, {\"font\": {\"color\": \"#FFFFFF\"}, \"showarrow\": false, \"text\": \"-0.08\", \"x\": \"SpecialDay\", \"xref\": \"x\", \"y\": \"Transaction\", \"yref\": \"y\"}, {\"font\": {\"color\": \"#FFFFFF\"}, \"showarrow\": false, \"text\": \"0.13\", \"x\": \"Month\", \"xref\": \"x\", \"y\": \"Transaction\", \"yref\": \"y\"}, {\"font\": {\"color\": \"#FFFFFF\"}, \"showarrow\": false, \"text\": \"-0.1\", \"x\": \"VisitorType\", \"xref\": \"x\", \"y\": \"Transaction\", \"yref\": \"y\"}, {\"font\": {\"color\": \"#FFFFFF\"}, \"showarrow\": false, \"text\": \"0.03\", \"x\": \"Weekend\", \"xref\": \"x\", \"y\": \"Transaction\", \"yref\": \"y\"}, {\"font\": {\"color\": \"#000000\"}, \"showarrow\": false, \"text\": \"1.0\", \"x\": \"Transaction\", \"xref\": \"x\", \"y\": \"Transaction\", \"yref\": \"y\"}], \"template\": {\"data\": {\"bar\": [{\"error_x\": {\"color\": \"#2a3f5f\"}, \"error_y\": {\"color\": \"#2a3f5f\"}, \"marker\": {\"line\": {\"color\": \"#E5ECF6\", \"width\": 0.5}}, \"type\": \"bar\"}], \"barpolar\": [{\"marker\": {\"line\": {\"color\": \"#E5ECF6\", \"width\": 0.5}}, \"type\": \"barpolar\"}], \"carpet\": [{\"aaxis\": {\"endlinecolor\": \"#2a3f5f\", \"gridcolor\": \"white\", \"linecolor\": \"white\", \"minorgridcolor\": \"white\", \"startlinecolor\": \"#2a3f5f\"}, \"baxis\": {\"endlinecolor\": \"#2a3f5f\", \"gridcolor\": \"white\", \"linecolor\": \"white\", \"minorgridcolor\": \"white\", \"startlinecolor\": \"#2a3f5f\"}, \"type\": \"carpet\"}], \"choropleth\": [{\"colorbar\": {\"outlinewidth\": 0, \"ticks\": \"\"}, \"type\": \"choropleth\"}], \"contour\": [{\"colorbar\": {\"outlinewidth\": 0, \"ticks\": \"\"}, \"colorscale\": [[0.0, \"#0d0887\"], [0.1111111111111111, \"#46039f\"], [0.2222222222222222, \"#7201a8\"], [0.3333333333333333, \"#9c179e\"], [0.4444444444444444, \"#bd3786\"], [0.5555555555555556, \"#d8576b\"], [0.6666666666666666, \"#ed7953\"], [0.7777777777777778, \"#fb9f3a\"], [0.8888888888888888, \"#fdca26\"], [1.0, \"#f0f921\"]], \"type\": \"contour\"}], \"contourcarpet\": [{\"colorbar\": {\"outlinewidth\": 0, \"ticks\": \"\"}, \"type\": \"contourcarpet\"}], \"heatmap\": [{\"colorbar\": {\"outlinewidth\": 0, \"ticks\": \"\"}, \"colorscale\": [[0.0, \"#0d0887\"], [0.1111111111111111, \"#46039f\"], [0.2222222222222222, \"#7201a8\"], [0.3333333333333333, \"#9c179e\"], [0.4444444444444444, \"#bd3786\"], [0.5555555555555556, \"#d8576b\"], [0.6666666666666666, \"#ed7953\"], [0.7777777777777778, \"#fb9f3a\"], [0.8888888888888888, \"#fdca26\"], [1.0, \"#f0f921\"]], \"type\": \"heatmap\"}], \"heatmapgl\": [{\"colorbar\": {\"outlinewidth\": 0, \"ticks\": \"\"}, \"colorscale\": [[0.0, \"#0d0887\"], [0.1111111111111111, \"#46039f\"], [0.2222222222222222, \"#7201a8\"], [0.3333333333333333, \"#9c179e\"], [0.4444444444444444, \"#bd3786\"], [0.5555555555555556, \"#d8576b\"], [0.6666666666666666, \"#ed7953\"], [0.7777777777777778, \"#fb9f3a\"], [0.8888888888888888, \"#fdca26\"], [1.0, \"#f0f921\"]], \"type\": \"heatmapgl\"}], \"histogram\": [{\"marker\": {\"colorbar\": {\"outlinewidth\": 0, \"ticks\": \"\"}}, \"type\": \"histogram\"}], \"histogram2d\": [{\"colorbar\": {\"outlinewidth\": 0, \"ticks\": \"\"}, \"colorscale\": [[0.0, \"#0d0887\"], [0.1111111111111111, \"#46039f\"], [0.2222222222222222, \"#7201a8\"], [0.3333333333333333, \"#9c179e\"], [0.4444444444444444, \"#bd3786\"], [0.5555555555555556, \"#d8576b\"], [0.6666666666666666, \"#ed7953\"], [0.7777777777777778, \"#fb9f3a\"], [0.8888888888888888, \"#fdca26\"], [1.0, \"#f0f921\"]], \"type\": \"histogram2d\"}], \"histogram2dcontour\": [{\"colorbar\": {\"outlinewidth\": 0, \"ticks\": \"\"}, \"colorscale\": [[0.0, \"#0d0887\"], [0.1111111111111111, \"#46039f\"], [0.2222222222222222, \"#7201a8\"], [0.3333333333333333, \"#9c179e\"], [0.4444444444444444, \"#bd3786\"], [0.5555555555555556, \"#d8576b\"], [0.6666666666666666, \"#ed7953\"], [0.7777777777777778, \"#fb9f3a\"], [0.8888888888888888, \"#fdca26\"], [1.0, \"#f0f921\"]], \"type\": \"histogram2dcontour\"}], \"mesh3d\": [{\"colorbar\": {\"outlinewidth\": 0, \"ticks\": \"\"},